1056450642
1128067148
2489137051
115695650
244788249
197957998
3129686958
3132341823
596684167
129382461
3136226941
2792979878
424905065
3118886870
337853492
461598306
3138401653
3138384032
966006240
2411279212
30340726
2533285548
46418474
2847499588
2175528739
3138129792
423612284
3129181105
3138156295
3113347356
3112631322
3131737091
1478598709
2303960784
233673993
3131741962
616776929
3131681999
3130566153
918641400
2981543895
3119954881
2877936941
2405534714
2311969334
3120701101
2408391471
423866296
46094367
514307830
3119299893
592827292
166894410
3129312627
3130509457
3080415519
3020218354
915057056
3136218822
2976953286
26521047
992344394
2749082384
112337720
3134549833
1395685867
1951019802
3135333492
202350076
3134988776
2313878515
1369317661
3101726962
3012342044
2244125288
2543063546
3100598175
2994814888
1353037315
2595762679
1851153092
2326665593
2819383392
66994251
3129829519
409903029
3129328438
3133955652
2723527355
3109221964
67847164
2812198374
2887362627
333763057
3127980926
635234128
2990005515
1493680442
229526692
1258918754
