136934414
19242202
1126806240
135239539
3115796020
117531082
64126265
57418816
574039377
536335131
25545209
2912820625
2493183361
1565762870
2933821543
3131251270
2997771290
2925147367
851170494
316841751
153427619
551807218
255945470
864507606
2852151277
2595618008
2349593347
2773098058
2315147238
3093476446
2351640972
2846452588
3096774947
3061905762
3139106598
515626148
2234341826
860182578
76270946
426723697
773451691
342299595
3137555802
2962315924
3070274828
1659935750
72568123
1914623941
1439589188
416813271
3131528811
780981139
2207141365
30780748
3139673174
2835577975
2416900081
3135342476
3125810286
2324851210
2850898156
420757594
2437759346
866291046
3104121655
28937534
1083728635
2889103987
3139321940
461241759
448625442
1573087795
78866843
3045713185
615421286
3139294549
3134126051
3099933778
2713700047
3134236912
14213451
2879184716
552221554
3139044368
3133085135
257011236
26644314
3138919945
393969009
221285022
71789664
2588332946
2682884095
3078776355
163490468
253051900
2951645885
2931632766
3138704942
3138343058
