589104963
3108787420
2941360468
376139194
1486509512
214352283
2723477390
3035394342
22780121
1586879228
3017405850
3131228817
3131944465
585842029
953436685
3131334102
3121482840
2779236321
3131258813
1524689732
43761826
3109699575
1396353878
35009875
292234196
3106077494
2571127934
511571362
121892581
3110941620
124389494
3119132762
580372885
3131275301
3130653982
413874929
545844331
1415429323
56897868
2237319872
3097655967
3131299984
23423543
59106117
809966540
195627246
104063460
248279779
564224709
146014754
1103333316
1415914777
245177571
2153887610
2733436215
316897137
3128458586
18470143
2228804611
3128250223
1623974984
3128113692
633851669
2431242209
23296276
40524435
3131026876
3116548118
2800763075
189126227
44566537
3124753644
351823399
3130821688
3117172202
3117025311
254723489
353574773
105844701
2845863449
199468399
2753166487
3125262300
3050627742
3130068507
43874837
3092779912
119971725
226053951
3095107549
2504919602
1432460264
171735095
3130997705
301748414
3026285777
3131032318
401403767
3083864256
613419318
